395598
371314
160659
176623
326766
170312
153278
208659
364059
87257
205623
227821
230906
240968
133032
78794
64560
274998
112651
471457
247988
60041
459246
267021
197004
375181
330865
378176
222208
288117
196142
83795
300637
375685
421339
250122
281436
162710
145295
408944
273403
151859
293492
497600
333654
355914
105610
61686
260466
286851
180369
423749
251368
357833
132820
416484
283652
340308
469844
73414
406470
149424
134472
474578
297624
164662
247804
179763
106840
489009
133644
98304
139318
98723
378621
404759
390632
373066
143959
175674
81386
295076
361698
310202
467804
244928
339115
201391
397122
133820
204598
185984
497072
439542
275465
363198
267555
416370
479670
274230
343307
151028
260932
389164
163121
85480
421416
405699
281787
201217
453228
137241
289620
70371
325008
460862
465933
229275
129172
349949
353607
90846
198715
471978
430797
253134
408837
257501
209504
448044
313460
380002
182556
201808
357553
416139
340405
65357
62467
296423
474700
430864
202702
356364
499082
464621
212255
407499
207627
315409
217235
97279
282562
68231
413797
231222
124222
67434
72058
137281
296749
68064
374728
267712
248308
452569
227361
360935
480508
99875
386957
74496
307398
254030
240642
430915
446963
427468
158572
101471
151718
497670
323528
127076
124467
434929
317090
177183
439371
252348
369348
318642
77312
307648
63674
171705
65387
395587
485056
339213
410242
124382
374837
148057
292035
127084
345153
262986
431606
382709
78464
440830
431767
182282
350634
499782
295069
98322
102497
209688
68856
198145
253007
314709
453493
239590
349426
259582
147279
237557
102975
94898
300774
152995
285891
75104
482675
87200
447079
376848
391297
371494
429657
406514
173977
342467
77997
169017
202342
107373
231706
177373
267772
177536
441608
331223
79845
294122
337564
497288
454623
236062
420270
375567
423643
398090
119746
496540
135388
176334
485329
386626
428383
223004
498664
285812
458056
472368
348503
129368
142430
451037
358381
307671
384590
318667
338442
148080
358811
85261
302123
89482
101148
474295
178914
321208
154621
456176
341844
495955
370830
459840
85078
403239
71779
353144
410481
106257
108601
486874
158187
212899
244932
215338
248775
128886
133976
395827
312460
496052
455658
76601
451374
373051
475768
414667
340643
377421
472806
216617
260774
198125
275085
354874
137695
134939
452509
490234
316010
259724
262274
338327
328852
430784
441384
414588
170975
189898
390599
316618
180844
217378
412560
126427
451496
261291
189315
324380
345058
281768
474514
433959
472037
275069
451878
202150
441372
429252
460085
286808
435279
488055
425864
63022
177031
84412
384202
239954
473995
235531
476471
181959
233739
237407
221165
420519
139035
377893
435920
391820
147953
401088
111652
137532
117123
325229
428591
253955
279418
467394
217809
236315
206238
182237
180742
111676
395560
321875
476189
428909
397829
187393
361736
86759
151506
306035
371157
463908
291518
432882
393333
332061
285653
347915
401284
493260
383244
133297
242591
94592
330690
337750
100824
206323
445917
275730
308823
153173
300499
322059
414050
330464
151479
111279
184790
281885
270265
341043
302995
148148
364830
479121
262476
193301
143095
362872
362497
445124
138668
74428
472810
157367
448565
192384
97075
106739
430159
368155
347122
320387
184485
164682
391096
417193
193123
461047
344963
478734
79507
121650
413624
294986
398636
297345
119913
108600
430440
268604
201147
72374
492944
257297
338813
109048
203892
102708
496835
172100
69863
496748
67455
263906
432739
377635
361878
392073
439338
135531
397652
402008
314767
177511
364248
199022
96149
239027
205648
115098
136625
410950
60663
164372
220435
100271
395614
450031
223706
286932
172476
390295
228508
168783
473592
487146
440755
355080
394657
421340
273414
396931
301382
392131
143996
366896
470710
326102
388514
347425
178135
401289
89788
357654
65872
409520
67673
252184
97843
66094
406322
261086
373447
173860
336962
451616
184340
439511
358687
157870
436558
200703
176794
445151
94269
270007
353546
82789
249005
492340
332619
271199
230416
479441
225398
388024
63950
368263
488147
389213
238032
407256
254697
303829
69737
117068
296088
414973
201569
134577
387916
370053
355634
348498
231369
94838
413574
335491
379048
265991
203065
414074
483961
150586
494268
189702
235046
210024
125693
163127
87683
112364
65283
491317
312290
101842
330961
233318
115479
285775
244206
284281
445065
291637
61353
341007
112030
402885
428627
300680
220737
459641
165450
278646
176619
262634
355218
372303
299332
457172
412279
291650
448695
429979
211710
248267
275025
412645
222045
361876
206096
151617
489855
352137
401815
115030
107929
385611
290030
446022
393589
382242
292156
297747
235665
200853
235813
455646
333402
103380
416325
397777
291096
141288
195107
404355
455940
143894
156017
142498
475481
338692
185018
66442
161853
135970
155764
266027
236946
457273
174054
196996
415577
247056
411018
247354
465294
327356
396742
449878
207138
422236
245415
429364
68686
66581
185939
243175
218267
167941
443993
348213
491836
332609
277319
209379
121089
95752
60820
450893
496802
283775
105857
359308
327722
496129
459713
265117
318204
493254
465743
111639
402154
147266
126865
329896
152353
129740
141414
118071
374193
110895
154664
274506
466989
90257
393492
358823
368707
373716
487737
84040
311969
130356
425616
124609
71052
142539
314677
183738
331768
439842
98766
332548
112056
442420
129146
132627
376624
215144
323814
134487
308159
304115
391502
72948
310591
200566
495594
152916
497766
409212
270169
429163
249548
343220
247388
288373
156669
484352
386208
85913
308521
129422
241565
82040
261403
449965
350957
315564
188447
473468
257124
433252
317081
373778
153071
386081
157699
485480
360361
474939
239962
330607
467168
244035
311951
134322
192905
156952
80932
427080
373680
219578
208518
472335
315587
479818
488531
62141
342198
497002
241781
335292
236990
90415
254106
325527
252367
81236
454477
276890
352526
256863
137518
139501
86461
260375
73501
299385
175934
275693
122743
217566
120040
474201
238752
215852
268620
309071
420049
275794
414381
493346
409788
326421
499067
255176
323567
492382
230207
403759
155595
332403
158380
402307
341939
96438
429394
315969
247053
315991
209325
377815
115937
497703
154936
227291
272417
233332
183640
78787
196008
184532
90126
61819
410251
70924
194458
437921
279596
321735
378289
352354
298086
401016
206025
216677
127856
487783
353918
180524
259216
280160
134827
123815
112153
443203
352966
454606
310325
386599
499395
366968
84687
98867
168438
272158
243921
256536
284634
310237
367872
338661
484069
393732
275134
209604
243227
422758
319306
269119
440163
453378
256611
103984
443390
267319
118627
454876
177752
111761
173938
420206
457635
113611
461052
133853
481660
353526
206897
250019
192269
247276
120512
453752
341599
395686
441249
197943
165138
323321
303661
351844
433966
266298
499106
181185
103130
282703
202593
158598
486472
458636
344812
497255
156489
365256
181444
366381
408365
236845
43074
54400
27214
99708
67535
90957
86336
13910
79483
97036
57696
94492
39191
42625
36464
22267
38636
88049
31403
46194
31130
62014
40164
33868
64437
87267
50437
55030
26052
41763
39005
84395
62768
88652
95708
60481
95050
10136
79217
27598
97213
76647
99608
10494
83132
95476
60137
19542
85926
17404
13512
38041
73703
52616
40153
54744
73917
52747
50139
93592
44445
55086
23414
47480
92459
96662
15011
94311
97658
38950
40718
59968
27621
29177
51647
83354
79249
50145
69370
14873
80354
51532
60624
23169
81612
37209
59171
20777
25828
93983
99785
37569
20370
26286
36525
57716
59481
90055
36908
67628
68127
22767
79196
18299
30601
98379
18855
39430
69487
44043
42796
85927
63416
77570
65681
52559
63054
17587
12808
92633
18147
53096
22078
22832
46015
43837
62348
35016
83668
60117
13676
98823
19253
20639
16058
90940
77550
26204
20987
44460
33076
96416
96089
14489
27904
61902
48708
92354
22053
95388
39573
86454
82394
10035
99515
61303
55937
47824
44005
71336
33649
37634
37555
86720
55871
18525
40999
43136
89514
74808
15033
45025
64304
90982
58082
33063
83843
11144
86032
32159
55229
61761
72370
79312
22690
78344
77013
43785
70834
26535
94333
71652
72564
86889
51034
58101
62247
38249
10163
77240
62157
38724
81583
35873
33248
91293
39342
88003
51283
18072
83859
20599
29181
14610
68507
20603
91414
37452
63106
12715
77229
97197
68298
98733
64211
70713
33887
97467
98305
29618
17030
28646
72595
17152
45206
93277
56580
85763
87995
79779
72743
40456
12834
54023
44016
68353
48061
64865
33349
32108
82804
12467
19887
16385
38145
93159
52025
35744
65985
64064
70204
25374
78830
85471
84436
39797
67576
79710
73503
84270
80214
90973
36106
46981
44372
11880
81085
59610
34842
78307
45254
95987
99609
77100
13927
97745
96225
83946
73125
37957
59777
37001
48705
48152
68940
53360
80489
83322
17887
55825
36170
45486
43348
35968
23418
10383
56440
41334
60203
71388
77316
24438
10661
69331
21042
10782
93039
10207
15747
82493
71689
67895
23859
99891
93804
10634
68044
61956
63576
97929
69717
16517
58446
46798
58090
19662
26829
33122
66664
93235
92861
53581
50862
19226
70344
90728
75706
95786
58563
68208
29540
72191
88783
82972
99015
13405
16730
23877
34308
53448
68814
21226
57034
94216
99166
47604
47579
30834
94963
86303
12844
37280
44089
65239
45372
56943
31609
54696
20346
31134
26917
91347
32825
78789
30157
98320
26929
74844
90082
12623
43255
66837
32703
21813
44777
65903
25569
96745
87384
77837
45880
60354
44529
83768
65339
45278
32157
82802
99754
53501
96378
79024
55423
75047
48715
99349
99934
17370
63543
34164
56974
92302
44728
68713
97805
37302
87211
40824
80512
28799
69988
37391
89992
97121
66235
58132
94398
41138
76732
84820
23937
64991
36485
30302
31457
69886
25669
34589
82309
12736
26803
39904
81638
10917
32376
97071
96883
20058
45844
66056
97520
74772
66251
65612
20545
87807
66144
27822
54386
49136
37875
48941
46470
43857
56648
51775
68278
31220
43182
14421
20553
56357
63513
97077
10392
81185
41409
37986
30902
24210
46609
49242
93419
21623
43853
98466
65895
80162
83082
57816
79057
69774
73074
39166
23244
84964
50585
57577
66891
65149
46609
48880
31394
94243
18574
98667
72448
89571
24334
50363
13010
25949
96935
84766
52770
59903
43846
91443
58315
55752
46982
92110
82663
49407
58110
45273
48459
43116
81630
64374
11425
13715
92902
11028
20448
96515
41309
76689
82551
42794
65452
72216
76262
43824
99705
19448
83956
86753
53327
79538
18160
72570
58207
37431
77646
44219
38030
90893
41991
89115
55449
75590
42768
78839
74860
18529
14239
80082
44231
43465
14620
56927
19626
47302
73476
96263
96382
31878
48704
50678
11664
17160
37174
12303
34755
16580
57970
36641
74192
94998
84292
80778
39381
49170
33434
61706
10599
65251
62056
18562
10024
31821
22276
51070
75094
12734
39718
17580
58211
75254
80828
88341
97177
17591
99974
37299
80006
11758
11929
66245
58618
39159
48983
60081
80803
10933
13167
97986
42978
41304
37924
76582
32449
48314
44317
71694
76097
45451
42143
19135
26768
66324
86930
61006
19024
71533
99077
34019
97972
94331
15350
28085
11587
24824
82691
86956
10052
46051
46483
48106
68206
24616
45585
38229
51628
18211
42509
75109
48974
30357
56776
92750
65899
88365
62905
58762
73158
38349
99206
46418
44043
20462
93475
70195
65240
48679
13584
44423
48241
47045
59917
99509
62395
84512
32332
43571
59337
93338
76590
56829
15268
92190
68810
69473
27661
13144
97004
80430
39034
52635
96935
63427
29140
94172
64008
27882
95813
37914
65363
45119
71723
42121
91352
38985
33907
44489
72143
13537
39902
57559
24171
37044
42033
15899
48746
95013
89109
22254
79491
73491
40631
10554
52649
75774
35986
70910
99524
30777
14978
20335
70534
37279
15765
59724
45341
86036
56669
53713
90796
19553
49678
78401
30868
69954
89621
26512
95118
68587
72897
66591
70396
80211
16767
76291
76125
30929
73727
99321
11403
49772
15518
57088
51725
64706
20278
76741
64232
46827
83463
63043
81345
24644
13059
54852
86896
81314
26819
86462
90968
28434
29340
23531
38433
52505
78596
89075
90499
86652
16840
89755
52814
67755
60864
49245
47512
75071
82562
14492
65325
36539
68686
57883
20196
28441
13156
66880
47246
93227
69778
42680
38870
42194
81649
60858
91436
46975
53856
24521
46404
59871
92745
51015
41995
88605
76838
94331
80806
28931
55049
68752
41355
11026
32885
38245
80898
53340
27189
54013
71891
50482
54827
93248
73035
10848
84803
89208
33335
28652
80336
63544
96818
94070
62723
80732
97029
29661
66161
30862
71366
85006
35150
29650
26575
13527
45869
71168
24349
38473
54565
94176
41177
68794
92184
61647
82500
26005
64623
88621
73466
65374
50787
57462
27843
22307
18562
33153
80115
93610
70929
68551
74394
71050
23077
83410
26231
63811
96161
95614
28293
43254
49371
94036
32855
21758
13950
13451
98453
15684
50111
29884
29293
90791
11808
53244
25614
83379
24993
40451
63519
17524
76355
83277
60407
72303
48159
53698
63698
28016
64307
91265
71809
57713
86464
71556
81018
16956
50993
63554
52493
12699
71652
48748
51820
48630
84730
90061
33199
18696
11740
29458
32948
41006
82424
10478
25000
92837
59605
17375
91152
58110
82438
37374
39126
74322
49933
45263
30502
65051
24084
22798
36556
8247
36448
32820
42421
25391
29185
1920
32562
21245
23621
48056
41567
15402
6132
20884
17177
27748
37968
44441
333
40707
4394
37718
44552
39946
23722
17352
33666
31493
39245
38890
29758
15731
31653
32885
42860
41900
29927
25377
12386
4811
1358
1837
22787
49061
16344
24095
32366
40703
33558
39330
23719
24403
48704
7443
12164
46324
19077
14532
30142
8967
27366
40375
43039
8802
23068
35505
20
38802
8960
7757
42388
2150
41891
31044
44180
15510
36872
23950
31833
3638
34579
10379
47744
6335
9761
24394
15493
3544
16335
14444
1242
6680
48248
11113
22113
36187
8128
38024
18127
19005
22861
8155
1409
27409
14975
278
42663
28247
10895
31702
28879
46903
20174
6332
43918
39877
27940
42001
41134
42069
22312
9559
33811
194
28627
48924
43843
9759
3189
12716
40994
10417
45501
31208
15455
42855
47269
29460
23567
954
42504
6256
41627
32711
16653
28372
7049
22046
38005
42473
25031
26622
11333
19457
44635
18090
14454
35352
26753
6575
47816
42994
35979
36750
25023
22983
19760
14851
25672
9836
21708
30665
46515
44305
39787
6511
4310
19558
46233
7064
19696
31341
38653
27512
27413
3476
13406
7195
38231
23767
10849
9476
38664
27612
17321
13867
4267
37463
29950
3961
49940
30439
36911
34415
30891
42999
294
13971
36507
39450
36630
37918
1367
35381
18749
8693
26442
29032
16176
37859
45650
38116
23814
14995
8242
49184
25127
46354
28387
28559
10228
13477
42111
39645
3004
12809
26918
9597
23082
21133
34092
26391
36020
13610
4357
15542
21270
47649
23321
3178
41401
49363
39517
36415
35108
20016
30262
44866
35146
42316
37505
15733
33893
15899
40806
4898
35625
30046
6681
38969
8893
1842
2276
6277
25439
37833
18495
32549
14878
41004
1407
49328
34373
42386
19202
11742
42992
17917
29628
10085
2623
6068
5895
30664
11281
8311
2663
3272
9766
17443
8544
34463
25361
46264
410
24255
45775
4051
11213
26440
19704
42542
14738
18641
9197
11562
9111
38242
32287
17624
35729
41851
28520
45166
21881
31001
9401
15205
43997
6675
17431
34782
31422
24794
41825
15692
20251
21790
19712
19085
4077
45200
2806
16822
7083
21876
35000
39141
9126
4110
37135
13829
34708
11489
40961
7498
2154
33881
42024
12948
43904
10529
27344
40897
26188
3936
19810
28426
17690
29859
1592
27537
39820
15181
32498
28045
35411
30238
793
21447
9468
26759
22690
25380
1702
23529
29070
3466
19068
28637
24568
36847
46360
21618
37141
23877
44524
24664
21719
28086
7952
7128
2777
47451
17293
29817
30438
36346
14750
28087
39721
30932
47860
8648
16407
35180
44492
5599
28570
46757
45775
22296
34923
28606
19376
4252
45714
16906
22733
6692
454
6543
24999
44392
27771
22170
23783
31109
17582
39971
49582
2232
12277
5228
48277
35557
16128
7903
44791
33497
30912
19067
48205
27730
33530
6967
42497
17997
30034
49776
45051
48097
4783
25670
19262
35204
18090
26968
24883
25436
20915
164
48490
18449
14185
5267
2659
41797
14477
2853
21115
24742
39033
17238
48900
9031
38796
33929
47611
8630
7449
21211
44493
9487
29929
31671
25312
22921
43889
1758
2436
11289
22537
33551
9106
38983
40200
34225
37309
29055
700
15161
48346
29315
16389
33042
38544
47886
10567
13631
1873
15448
23722
12404
3236
8630
20487
19058
28506
41794
14633
44140
48609
6230
23741
49368
25095
13541
32477
44664
26467
7953
41604
18819
31866
37290
23901
30403
815
8577
9261
44364
20985
46204
4297
7974
7606
23549
1901
2233
26399
22278
2312
22565
12210
28032
26943
14024
19301
24998
31150
21785
38321
38210
17075
28186
2382
48837
23846
4252
23702
34252
24325
7446
37407
13425
49726
16425
15525
24889
15482
18919
1518
27068
44401
5308
37515
35507
13465
12614
12606
36422
26140
35042
34523
47435
43679
40526
25729
9661
36294
32906
17631
47485
25667
32316
7977
7476
46199
48518
46354
34481
22515
15315
17995
41529
46855
48467
48230
33433
9514
26533
16617
47258
43938
4933
13855
49088
14340
2858
30622
16198
49975
4322
16643
19746
14596
47795
37958
13354
17094
20879
42906
39521
39343
28348
29369
7970
6806
600
47101
34201
23993
28067
15534
2655
21227
19447
10645
40910
16547
1452
48213
31621
20898
32546
18846
29265
12037
693
47052
12431
43015
18893
39807
11873
23167
14469
43076
37060
14310
18431
26162
877
31364
34136
48549
1888
28787
35238
1299
18514
39524
37216
22278
8535
45726
38891
49929
5219
22719
28168
35634
40495
43808
15879
29752
5162
33895
9095
5445
48556
42155
14243
32961
38379
18912
43215
39910
9817
4518
3733
20147
30992
16990
46090
43051
6141
46481
5308
14720
12352
47726
33361
4454
42222
10356
42971
15611
32828
20034
46259
34409
42811
19849
31783
9481
37887
30430
14689
20584
6882
14033
45218
5796
15375
10355
49320
24931
31678
37039
33932
26696
24702
48791
46346
16380
11468
45798
2014
35487
846
907
15044
48102
28743
27939
46410
48904
49952
5451
19371
45121
43433
44366
26630
22765
27896
42732
27963
10501
26668
13390
49603
8024
49676
20162
32562
32803
7228
2693
40809
6977
24788
16420
33585
23080
8072
20613
17537
13907
5946
29151
21975
46448
18996
20946
32949
34006
42074
29986
10369
33274
13717
47372
28976
6668
12795
5142
18515
18705
31570
39469
1067
1984
11450
46921
40905
6417
28245
11576
3234
45643
30539
30814
2228
28344
32431
28029
3871
40280
49215
45827
48637
4166
6623
30430
46727
32103
37612
23232
32833
6034
4315
15261
2733
728
42007
13845
38038
4796
24695
10887
49041
24469
16912
27859
15935
28849
49400
30536
9580
25290
16507
28197
18944
25716
49144
49381
42049
11090
33074
31957
25267
33836
40222
23005
46439
241
38522
12407
24108
32785
21714
8779
31969
39528
41421
48848
39597
38120
35434
34770
11513
35369
2260
48106
42865
1591
41535
11424
401
30111
11683
28915
43901
17552
36924
21430
29212
28365
14899
30714
832
27192
45818
25391
3429
12051
21921
15400
38452
240
34150
9009
32661
31499
39947
7443
15920
34438
3908
30072
23146
42254
48854
34193
31852
41834
21288
3836
37667
49856
20422
19559
38992
36386
4831
22459
38381
37194
36194
11975
41652
43273
11947
360
24620
46027
9412
20907
8416
18443
45092
31644
31981
7427
8549
10000
12000
